UFO,Jonghyun,El Pirata de Culiacan,Kobe Bryant,Atlanta Falcons,Jerry Richardson,Oceans 8,Amtrak Derailment,Anna Kournikova,John Skipper,Track Palin,Andrea Nicole Baber,Mortal Engines,TJ Miller,UGG,Cole Hamels,Chris Farley,Tavis Smiley,The Office,Tax Bill,Anna Kendrick,Jill Stein,Mark Salling,The Voice Finalists,Danica Patrick,El Pirata De Culiacan,KOMO News,Amtrak derailment,John McCain,Jon Gruden,KING 5,Bitcoin Cash,Komo News,Seattle Times,Gwen Stefani,JOHN MCCAIN,tax bill,Lane Kiffin,Tina Becker,Bella Hadid,Charlie Puth,Josh Groban,Kelly Clarkson,Chloe Kohanski,Ufo,Steelers,Demi Lovato,December Global Festivities,Eva Longoria,bitcoin cash