Harvey Weinstein,Rod Blagojevich,Pop Smoke,Ja'Net DuBois,Liverpool,Steve Kazee,PSG,Cory Booker,Democratic debate,The Weeknd,Asphyxiation,Aubrey Huff,Stefon Diggs,John Beilein,Jennifer Garner,Mikaela Spielberg,Boy Scouts,Wendy Williams,Tottenham,Allen Iverson,Hayden Panettiere,Harry Styles,Chris Pratt,Rowan Baxter,Star Brim,Theresa May,Esther Scott,National Drink Wine Day,Lark Voorhies,Anitra Gunn,Dwayne Wade child,Greg Robinson,George Zimmerman,Criminal Minds,Astros cheating,Mediterranean diet,Millie Bobby Brown,Sussex Royal,Duke basketball,Rosario Dawson,Tom Cruise,Ja'net DuBois,Natalia Bryant,ColourPop,Trump pardons today,Meital Dohan,Ben Affleck,Greg Olsen,Apple stock,Man City vs West Ham